1
192.168.0.1
1
2
192.168.0.2
1
3
192.168.0.3
1
4
192.168.0.4
1
5
192.168.0.5
1
6
192.168.0.6
1
7
192.168.0.7
1
8
192.168.0.8
1
9
192.168.0.9
1
10
192.168.0.10
1
grafo
1 2 43
1 3 6
1 4 2
1 5 98
1 6 75
1 7 36
1 8 67
1 9 35
1 10 94
2 1 43
2 3 89
2 4 22
2 5 92
2 6 59
2 7 3
2 8 57
2 9 30
2 10 39
3 1 6
3 2 89
3 4 56
3 5 74
3 6 78
3 7 42
3 8 18
3 9 12
3 10 86
4 1 2
4 2 22
4 3 56
4 5 32
4 6 48
4 7 12
4 8 59
4 9 79
4 10 97
5 1 98
5 2 92
5 3 74
5 4 32
5 6 61
5 7 69
5 8 7
5 9 90
5 10 63
6 1 75
6 2 59
6 3 78
6 4 48
6 5 61
6 7 67
6 8 51
6 9 15
6 10 81
7 1 36
7 2 3
7 3 42
7 4 12
7 5 69
7 6 67
7 8 47
7 9 17
7 10 18
8 1 67
8 2 57
8 3 18
8 4 59
8 5 7
8 6 51
8 7 47
8 9 35
8 10 55
9 1 35
9 2 30
9 3 12
9 4 79
9 5 90
9 6 15
9 7 17
9 8 35
9 10 43
10 1 94
10 2 39
10 3 86
10 4 97
10 5 63
10 6 81
10 7 18
10 8 55
10 9 43
